%YAML:1.0
---
cameraMatrix: !!opencv-matrix
   rows: 3
   cols: 3
   dt: d
   data: [ 1969.4348946437378, 0., 980.39424116984378, 0.,
       1967.7045245999127, 498.04632453265555, 0., 0., 1. ]
distCoeffs: !!opencv-matrix
   rows: 1
   cols: 5
   dt: d
   data: [ -0.5707008428617536, 0.49309086986546435,
       0.00077632108784829945, 0.00077658741871709997,
       -0.60447937459160728 ]
